0
0
2148581820
2148581820
7116839956
7116839956
15515147305
15515147305
27396653221
27396653221
45080672941
45080672941
72332406091
72332406091
110907225252
110907225252
162242361808
162242361808
230425880583
230425880583
323146829745
323146829745
448992049181
448992049181
619091665116
619091665116
859459229278
859459229278
1229260270551
1229260270551
1878637794226
1878637794226
3355801284327
3355801284327
10455649105316
10455649105316
16281258560438
16281258560438
19175309806057
19175309806057
19180145296101
19180145296101
19173006705199
19173006705199
19169694931998
19169694931998
19168048588502
19168048588502
19167202948168
19167202948168
19166766676032
19166766676032
19166542353312
19166542353312
19166429778330
19166429778330
19166376679790
19166376679790
19166353448153
19166353448153
19166343842777
19166343842777
19166340137627
19166340137627
19166338955945
19166338955945
19166338681085
19166338681085
19166338632513
19166338632513
19166338632513
19166338632513
