0
0
2155957668
2155957668
7255158812
7255158812
15436809152
15436809152
26868688157
26868688157
44235573424
44235573424
70978604027
70978604027
109052849633
109052849633
159788941264
159788941264
227094157406
227094157406
318548954220
318548954220
442819964139
442819964139
610818997564
610818997564
846954362481
846954362481
1208485567021
1208485567021
1841078987648
1841078987648
3317369029878
3317369029878
10713732257760
10713732257760
16283174957348
16283174957348
19165883386793
19165883386793
18689709845650
18689709845650
18679090009724
18679090009724
18674162799106
18674162799106
18671739401346
18671739401346
18670497187597
18670497187597
18669851214229
18669851214229
18669518365493
18669518365493
18669353726225
18669353726225
18669276685745
18669276685745
18669241922445
18669241922445
18669227152877
18669227152877
18669221641715
18669221641715
18669219953216
18669219953216
18669219520172
18669219520172
18669219432176
18669219432176
18669219432176
18669219432176
