0
0
0
2148581820
0
6445745460
0
14502927285
0
27394418205
0
47268800040
0
76811800065
0
118172000100
0
175646563785
0
253532654760
0
358813163940
0
500082418605
0
691843346040
0
963101800815
0
1371869492070
0
2071770019935
0
3631640421255
0
11170476882180
0
11170476882180
0
3631640421255
0
2071770019935
0
1371869492070
0
963101800815
0
691843346040
0
500082418605
0
358813163940
0
253532654760
0
175646563785
0
118172000100
0
76811800065
0
47268800040
0
27394418205
0
14502927285
0
6445745460
0
2148581820
0
0
0
