0
0
0
2147899196
0
6443697588
0
14498319573
0
27385714749
0
47253782312
0
76787396257
0
118134455780
0
175590759273
0
253452105128
0
358699165732
0
499923537869
0
691623541112
0
962795814607
0
1371433636646
0
2071111799743
0
3630486616039
0
11166927920004
0
11166927920004
0
3630486616039
0
2071111799743
0
1371433636646
0
962795814607
0
691623541112
0
499923537869
0
358699165732
0
253452105128
0
175590759273
0
118134455780
0
76787396257
0
47253782312
0
27385714749
0
14498319573
0
6443697588
0
2147899196
0
0
0
