0
0
2147899196
2147899196
7135166952
7135166952
15246521153
15246521153
26868249217
26868249217
44198686371
44198686371
70895182621
70895182621
108908058130
108908058130
159761200074
159761200074
227167612356
227167612356
318607866187
318607866187
442841172289
442841172289
610784587875
610784587875
847038224414
847038224414
1208297456446
1208297456446
1837835711936
1837835711936
3274346540310
3274346540310
10525919834076
10525919834076
16286741969446
16286741969446
19166777059520
19166777059520
18397627119883
18397627119883
18352138825948
18352138825948
18355144729486
18355144729486
18356649408438
18356649408438
18357428155491
18357428155491
18357833594751
18357833594751
18358041288439
18358041288439
18358143785281
18358143785281
18358191796321
18358191796321
18358213040544
18358213040544
18358221767680
18358221767680
18358225060036
18358225060036
18358226105179
18358226105179
18358226354419
18358226354419
18358226394075
18358226394075
18358226394075
18358226394075
