0
0
0
2155957668
0
6467873004
0
14552714259
0
27488460267
0
47431068696
0
77075486631
0
118577671740
0
176249539359
0
254403004824
0
360044930556
0
501799147227
0
694218369096
0
966408024681
0
1376578971018
0
2078882181369
0
3644107448337
0
11208823915932
0
11208823915932
0
3644107448337
0
2078882181369
0
1376578971018
0
966408024681
0
694218369096
0
501799147227
0
360044930556
0
254403004824
0
176249539359
0
118577671740
0
77075486631
0
47431068696
0
27488460267
0
14552714259
0
6467873004
0
2155957668
0
0
0
