0
0
0
0
1768770730
1768770730
3024665552
3024665552
6450970055
6450970055
12079964093
12079964093
21900164477
21900164477
35116970150
35116970150
55864130528
55864130528
83442971697
83442971697
122279063873
122279063873
175323922137
175323922137
247183458352
247183458352
346794952858
346794952858
489007650425
489007650425
710198774947
710198774947
1122840992280
1122840992280
2601956883743
2601956883743
3586303276074
3586303276074
3486231384394
3486231384394
3780458266988
3780458266988
3616969128285
3616969128285
3721761671581
3721761671581
3650012716177
3650012716177
3667916746617
3667916746617
3652006292689
3652006292689
3662633359355
3662633359355
3648034853599
3648034853599
3652734720586
3652734720586
3650443889548
3650443889548
3651680023546
3651680023546
3649495165636
3649495165636
3650772654310
3650772654310
3649545030044
3649545030044
3649545030044
3649545030044
3649545030044
3649545030044
