0
0
0
0
1749847342
1749847342
2979700077
2979700077
6827875092
6827875092
11530813547
11530813547
20765437787
20765437787
30472305014
30472305014
48247886349
48247886349
69375905839
69375905839
102361813684
102361813684
144297166896
144297166896
203413439287
203413439287
281957322777
281957322777
397844949135
397844949135
575037527058
575037527058
919439674800
919439674800
2555313729205
2555313729205
3928812309925
3928812309925
3819460172858
3819460172858
3998394846624
3998394846624
3899763727565
3899763727565
3947093764333
3947093764333
3986618221258
3986618221258
4055390180314
4055390180314
4081632450919
4081632450919
4084172211234
4084172211234
4094904361599
4094904361599
4085970577434
4085970577434
4090489419330
4090489419330
4087823204251
4087823204251
4087227050329
4087227050329
4087509823990
4087509823990
4087865726530
4087865726530
4087865726530
4087865726530
4087865726530
4087865726530
