4096
16382
42993
83940
150539
251138
390181
575070
812595
1112922
1482324
1938805
2493355
3157366
3952251
4890589
5991861
7285693
8791732
10537930
12558825
14890094
17585317
20701637
24322843
28568585
33589920
39620493
47018128
56347517
68584028
85612378
111604912
158620365
290823914
761826812
857980543
881733813
849203433
870393173
865771833
864911886
858648727
870453776
873862038
871118118
878284070
882102686
886033142
883229264
885685434
888805062
887189657
885279777
885983696
885856272
884724652
883807381
884498515
885114662
884635664
884267024
884310224
884415362
884415222
884355126
884387645
884410181
884391758
884383566
884385365
884385365
