10239
28662
61419
114143
197569
315342
475261
687293
955392
1286297
1697524
2204689
2810852
3535276
4398061
5420539
6612590
8004569
9628199
11511350
13682140
16183655
19081790
22444366
26360029
30965166
36456916
43123579
51394719
62011230
76316549
97054411
130990316
202696369
651425815
796848182
865207747
873305136
849320014
863155877
874286647
873506628
867636892
878472860
878083622
870313210
867735502
872722182
877485551
873452961
874553646
877411258
875935003
874195648
874834848
875987546
876533945
875659876
875152393
875466273
875044385
874725053
874907173
875079205
874960421
874890455
874939583
874934149
874927939
874923845
874923845
874923671
