8192
30716
75750
139218
244204
402468
613904
888370
1247689
1696024
2246058
2921783
3745826
4729931
5899258
7276684
8904647
10806913
13013907
15576097
18540191
21961292
25907352
30479365
35805772
42063398
49481236
58439741
69497965
83553777
102227655
128709301
170469763
251310262
548567025
870724111
983798344
1006288680
963796392
990778548
995964949
994807332
986124820
1002119700
1001545935
990801400
1000531448
1005717524
1011053048
1007250403
1010579124
1014802085
1012617430
1010038015
1010986428
1010815004
1009295948
1008069074
1008992400
1009811200
1009174583
1008689207
1008745847
1008882845
1008882663
1008806291
1008847202
1008874746
1008852229
1008844037
1008844037
1008844037
