0
0
0
0
2017688074
2017688074
3025649370
3025649370
6719042960
6719042960
10916818548
10916818548
19218340083
19218340083
30191861029
30191861029
48539542861
48539542861
72144710531
72144710531
106613683569
106613683569
152902729635
152902729635
216739116297
216739116297
304506524790
304506524790
431538753341
431538753341
628492119006
628492119006
1001919867865
1001919867865
2576928347247
2576928347247
3883402203904
3883402203904
3655007056042
3655007056042
3966865624438
3966865624438
3743118516909
3743118516909
3893687163501
3893687163501
3912802815378
3912802815378
4007465615066
4007465615066
3985245626551
3985245626551
4001171687947
4001171687947
3989130041903
3989130041903
4006281833159
4006281833159
3998504740505
3998504740505
3997623963421
3997623963421
3994446960601
3994446960601
3994716219502
3994716219502
3993781777340
3993781777340
3993781777340
3993781777340
3993781777340
3993781777340
