2048
8192
18432
36864
63488
98304
143360
202752
276480
368640
479232
616448
780288
976896
1208320
1482752
1804288
2179072
2615296
3121152
3706880
4386816
5173248
6090752
7165952
8437760
9957376
11810816
14120960
17098752
21108736
26867712
35973120
52862976
96200704
483258368
160835584
68392960
42913792
30836736
23701504
18941952
15509504
12898304
10835968
9162752
7774208
6606848
5615616
4765696
4034560
3403776
2859008
2390016
1984512
1638400
1341440
1087488
874496
694272
544768
421888
319488
237568
172032
118784
79872
49152
26624
12288
4096
0
2048
