4096
9546
18351
34086
51371
74684
108546
145288
194032
256304
324486
414427
519254
639329
790629
958035
1156355
1393551
1656132
1972153
2333495
2747613
3242085
3805933
4482283
5291482
6261497
7487365
9044746
11129836
14100125
18687511
26851766
45369932
121881826
591474711
529454962
528277201
551718635
525100184
542920987
537836446
533766937
542872928
533766937
538158028
538696874
534417288
539570328
535988904
536908384
538272364
535877989
537966621
536980782
536794714
537685614
536709672
537323082
537200274
536969316
537313836
537053151
537155319
537180379
537104683
537168140
537140330
537143102
537147402
537145455
537145455
