8192
17128
29942
55223
78959
117658
165890
219201
297473
382949
488320
623613
770413
956450
1173236
1417552
1720158
2054681
2447943
2912391
3433032
4054963
4770661
5604286
6609412
7795751
9254866
11086001
13441267
16652371
21278146
28662133
42418884
76771319
275487030
591712916
535123820
521574086
557561100
521954562
543147347
539899609
538989417
544796719
538989417
538989417
539854193
538989417
540100184
538989417
538989417
538989417
538989417
538989417
538989417
538989417
538989417
538989417
538989417
538989417
538989417
538989417
538989417
538989417
538989417
538989417
538989417
538989417
538989417
538989417
538989417
538989417
