0
4096
12288
26624
49152
79872
118784
172032
237568
319488
421888
544768
694272
874496
1087488
1341440
1638400
1984512
2390016
2859008
3403776
4034560
4765696
5615616
6606848
7774208
9162752
10835968
12898304
15509504
18941952
23701504
30836736
42913792
68392960
160835584
483258368
96200704
52862976
35973120
26867712
21108736
17098752
14120960
11810816
9957376
8437760
7165952
6090752
5173248
4386816
3706880
3121152
2615296
2179072
1804288
1482752
1208320
976896
780288
616448
479232
368640
276480
202752
143360
98304
63488
36864
18432
8192
2048
0
