0
8192
22528
45056
79872
124928
186368
264192
362496
485376
636928
819200
1042432
1306624
1622016
1994752
2430976
2942976
3536896
4225024
5023744
5949440
7022592
8271872
9730048
11452416
13506560
15994880
19079168
23017472
28256256
35641344
46989312
67033088
113129472
341516288
341516288
113129472
67033088
46989312
35641344
28256256
23017472
19079168
15994880
13506560
11452416
9730048
8271872
7022592
5949440
5023744
4225024
3536896
2942976
2430976
1994752
1622016
1306624
1042432
819200
636928
485376
362496
264192
186368
124928
79872
45056
22528
8192
0
0
