6763
12949
25825
42426
61978
90607
125632
168712
223969
287334
368568
464511
576029
712646
868633
1054739
1269948
1518552
1810434
2143573
2534290
2984746
3510040
4133129
4865573
5751557
6841279
8210512
10007638
12472097
16111310
22108380
33887702
67149265
425347732
563463513
539945985
536102006
550951624
536102006
539560962
540053151
536102006
542093427
536102006
536669645
539256897
536102006
538869767
536497887
536241939
538250783
536102006
537490271
537083071
536496846
537491940
536653312
537032653
537101015
536789749
537109081
536922321
536956677
537013923
536939316
536985660
536972244
536970096
536973254
536973254
536974799
